# oST version 5.0 parameters


[image]

width
640

height
480

[narrow_stereo]

camera matrix
641.379546 0.000000 337.897779
0.000000 641.876213 259.470983
0.000000 0.000000 1.000000

distortion
0.108309 -0.510729 0.012350 0.001273 0.000000

rectification
1.000000 0.000000 0.000000
0.000000 1.000000 0.000000
0.000000 0.000000 1.000000

projection
636.956177 0.000000 339.534502 0.000000
0.000000 642.005005 262.533521 0.000000
0.000000 0.000000 1.000000 0.000000
